**
** Initial-refinement element set 'chalice_refine' -- GENERATED, do not edit by hand.
** Regenerate with: python make_chalice_elset.py
**
** Pry-out-cone ('chalice') shaped domain about the anchor axis, for a single initialOnly
** h-adaptivity pass. See make_chalice_elset.py for the geometry and the reasoning.
**
**   cone   r <= 120.0 * (y -80.0) / 80.0   for -80.0 <= y <= 0.0
**   stem   r <= 30.0                        for -94.6 <= y <= 0.0
**   marked if ANY of an element's 20 nodes is inside
**
** 912 of 11176 concrete elements (8.2 %).
**
*ELSET, ELSET=chalice_refine
7327, 7348, 7349, 7370, 7371, 7372, 7373, 7374, 7375, 7376,
7377, 7378, 7379, 7380, 7381, 7382, 7383, 7384, 7385, 7386,
7387, 7388, 7389, 7390, 7391, 7392, 7393, 7394, 7395, 7396,
7397, 7398, 7399, 7400, 7401, 7402, 8761, 8762, 8763, 8773,
8774, 8775, 8785, 8786, 8787, 8797, 8798, 8799, 8809, 8810,
8811, 8821, 8822, 8823, 8833, 8834, 8835, 8845, 8846, 8847,
8857, 8858, 8859, 8869, 8870, 8871, 8881, 8882, 8883, 8893,
8894, 8895, 8905, 8906, 8907, 8917, 8918, 8919, 8929, 8930,
8931, 8932, 8933, 8934, 8935, 8936, 8937, 8938, 8939, 8940,
8941, 8942, 8943, 8944, 8945, 8946, 8947, 8948, 8949, 8950,
8951, 8952, 8953, 8954, 8955, 8956, 8957, 8958, 8959, 8960,
8961, 8962, 8963, 8964, 8965, 8966, 8967, 8968, 8969, 8970,
8971, 8972, 8973, 8974, 8975, 8976, 8977, 8978, 8979, 8980,
8981, 8982, 8983, 8984, 8985, 8986, 8987, 8988, 8989, 8990,
8991, 8992, 8993, 8994, 8995, 8996, 8997, 8998, 8999, 9000,
9001, 9002, 9003, 9004, 9005, 9006, 9007, 9008, 9009, 9010,
9011, 9012, 9013, 9014, 9015, 9016, 9017, 9018, 9019, 9020,
9021, 9022, 9023, 9024, 9025, 9026, 9027, 9028, 9029, 9030,
9031, 9032, 9033, 9034, 9035, 9036, 9037, 9038, 9039, 9040,
9041, 9042, 9043, 9044, 9045, 9046, 9047, 9048, 9049, 9050,
9051, 9052, 9053, 9054, 9055, 9056, 9057, 9058, 9059, 9060,
9061, 9062, 9063, 9064, 9065, 9066, 9067, 9068, 9069, 9070,
9071, 9072, 9073, 9074, 9075, 9076, 9077, 9078, 9079, 9080,
9081, 9082, 9083, 9084, 9085, 9086, 9087, 9088, 9089, 9090,
9091, 9092, 9093, 9094, 9095, 9096, 9097, 9098, 9099, 9100,
9101, 9102, 9103, 9104, 9105, 9106, 9107, 9108, 9109, 9110,
9111, 9112, 9113, 9114, 9115, 9116, 9117, 9118, 9119, 9120,
9121, 9122, 9123, 9124, 9125, 9126, 9127, 9128, 9129, 9130,
9131, 9132, 9133, 9134, 9135, 9136, 9152, 9153, 9154, 9155,
9156, 9157, 9158, 9159, 9160, 9161, 9162, 9163, 9164, 9165,
9166, 9167, 9168, 9169, 9170, 9171, 9172, 9173, 9174, 9175,
9176, 9177, 9178, 9179, 9180, 9181, 9182, 9183, 9184, 9185,
9186, 9207, 9208, 9209, 9210, 9211, 9212, 9213, 9214, 9215,
9216, 9217, 9218, 9219, 9220, 9221, 9222, 9223, 9224, 9225,
9226, 9227, 9228, 9229, 9230, 9231, 9232, 9233, 9234, 9235,
9236, 9262, 9263, 9264, 9265, 9266, 9267, 9268, 9269, 9270,
9271, 9272, 9273, 9274, 9275, 9276, 9277, 9278, 9279, 9280,
9281, 9282, 9283, 9284, 9285, 9286, 9287, 9288, 9289, 9290,
9291, 9317, 9318, 9319, 9320, 9321, 9322, 9323, 9324, 9325,
9326, 9327, 9328, 9329, 9330, 9331, 9332, 9333, 9334, 9335,
9336, 9337, 9338, 9339, 9340, 9341, 9372, 9373, 9374, 9375,
9376, 9377, 9378, 9379, 9380, 9381, 9382, 9383, 9384, 9385,
9386, 9387, 9388, 9389, 9390, 9391, 9427, 9428, 9429, 9430,
9431, 9432, 9433, 9434, 9435, 9436, 9437, 9438, 9439, 9440,
9441, 9482, 9483, 9484, 9485, 9486, 9487, 9488, 9489, 9490,
9491, 9537, 9538, 9539, 9540, 9541, 12915, 12936, 12937, 13167,
13168, 13169, 13170, 13171, 13172, 13173, 13174, 13175, 13176, 13177,
13178, 13179, 13180, 13181, 13182, 13183, 13184, 13185, 13186, 13187,
13188, 13189, 13190, 13191, 13192, 13193, 13194, 13195, 13196, 13197,
13198, 13199, 13209, 13210, 13211, 13221, 13222, 13223, 13233, 13234,
13235, 13473, 13474, 13475, 13485, 13486, 13487, 13497, 13498, 13499,
13737, 13738, 13739, 13749, 13750, 13751, 13761, 13762, 13763, 14001,
14002, 14003, 14013, 14014, 14015, 14025, 14026, 14027, 14265, 14266,
14267, 14277, 14278, 14279, 14289, 14290, 14291, 14520, 14521, 14522,
14523, 14524, 14525, 14526, 14527, 14528, 14529, 14530, 14531, 14533,
14534, 14535, 14536, 14537, 14538, 14539, 14540, 14541, 14542, 14543,
14546, 14547, 14548, 14549, 14550, 14551, 14552, 14553, 14554, 14555,
14559, 14560, 14561, 14562, 14563, 14564, 14565, 14566, 14567, 14572,
14573, 14574, 14575, 14576, 14577, 14578, 14579, 14585, 14586, 14587,
14588, 14589, 14590, 14591, 14599, 14600, 14601, 14602, 14603, 14612,
14613, 14614, 14615, 14625, 14626, 14627, 14637, 14638, 14639, 14649,
14650, 14651, 14652, 14653, 14654, 14655, 14656, 14657, 14658, 14659,
14660, 14661, 14662, 14663, 14665, 14666, 14667, 14668, 14669, 14670,
14671, 14672, 14673, 14674, 14675, 14678, 14679, 14680, 14681, 14682,
14683, 14684, 14685, 14686, 14687, 14691, 14692, 14693, 14694, 14695,
14696, 14697, 14698, 14699, 14704, 14705, 14706, 14707, 14708, 14709,
14710, 14711, 14717, 14718, 14719, 14720, 14721, 14722, 14723, 14731,
14732, 14733, 14734, 14735, 14744, 14745, 14746, 14747, 14757, 14758,
14759, 14769, 14770, 14771, 14781, 14782, 14783, 14784, 14785, 14786,
14787, 14788, 14789, 14790, 14791, 14792, 14793, 14794, 14795, 14797,
14798, 14799, 14800, 14801, 14802, 14803, 14804, 14805, 14806, 14807,
14810, 14811, 14812, 14813, 14814, 14815, 14816, 14817, 14818, 14819,
14823, 14824, 14825, 14826, 14827, 14828, 14829, 14830, 14831, 14836,
14837, 14838, 14839, 14840, 14841, 14842, 14843, 14849, 14850, 14851,
14852, 14853, 14854, 14855, 14863, 14864, 14865, 14866, 14867, 14876,
14877, 14878, 14879, 14889, 14890, 14891, 14901, 14902, 14903, 14913,
14914, 14915, 14916, 14917, 14918, 14919, 14920, 14921, 14922, 14923,
14924, 14925, 14926, 14927, 14929, 14930, 14931, 14932, 14933, 14934,
14935, 14936, 14937, 14938, 14939, 14942, 14943, 14944, 14945, 14946,
14947, 14948, 14949, 14950, 14951, 14955, 14956, 14957, 14958, 14959,
14960, 14961, 14962, 14963, 14968, 14969, 14970, 14971, 14972, 14973,
14974, 14975, 14981, 14982, 14983, 14984, 14985, 14986, 14987, 14995,
14996, 14997, 14998, 14999, 15008, 15009, 15010, 15011, 15021, 15022,
15023, 15033, 15034, 15035, 15045, 15046, 15047, 15048, 15049, 15050,
15051, 15052, 15053, 15054, 15055, 15056, 15057, 15058, 15059, 15061,
15062, 15063, 15064, 15065, 15066, 15067, 15068, 15069, 15070, 15071,
15074, 15075, 15076, 15077, 15078, 15079, 15080, 15081, 15082, 15083,
15087, 15088, 15089, 15090, 15091, 15092, 15093, 15094, 15095, 15100,
15101, 15102, 15103, 15104, 15105, 15106, 15107, 15113, 15114, 15115,
15116, 15117, 15118, 15119, 15127, 15128, 15129, 15130, 15131, 15140,
15141, 15142, 15143, 15153, 15154, 15155, 15165, 15166, 15167, 15177,
15178, 15179,
