
** z-symmetry node sets, with tie-slave nodes on the symmetry seam excluded (a node cannot be both
** an MPC slave and directly Dirichlet-constrained -- see the header comment). The excluded nodes'
** z=0 condition is still enforced correctly: they are tied to master nodes that DO carry this
** Dirichlet BC directly, so z=0 propagates through the tie's linear relation. Computed by diffing
** z_symm_concrete/z_symm_steel against the 5 ties' claimed-slave-node sets (2 + 17 nodes removed,
** all from the nut/washer/anchor region -- unrelated to the borehole, whose tie no longer has any
** untied nodes at all after the Cubit borehole-depth fix). "bottom" needs no such exclusion
** anymore: the borehole no longer reaches anywhere near the slab's bottom face.
*NSET, NSET=z_symm_concrete_free
9, 14, 15, 16, 17, 18, 19, 20, 215, 270,
271, 272, 273, 274, 275, 276, 277, 278, 279, 280,
281, 282, 283, 284, 285, 286, 287, 288, 289, 290,
291, 292, 293, 294, 295, 296, 297, 298, 299, 300,
301, 302, 303, 304, 305, 306, 307, 308, 309, 310,
311, 312, 313, 314, 315, 316, 317, 318, 319, 320,
321, 322, 323, 324, 325, 326, 327, 328, 329, 330,
331, 332, 333, 334, 335, 336, 337, 338, 339, 340,
341, 342, 343, 344, 345, 346, 1689, 1704, 1799, 1800,
1801, 1802, 1803, 1804, 1805, 1806, 1807, 1808, 1809, 1810,
1811, 1812, 1813, 1814, 1815, 1816, 1817, 1818, 1819, 1820,
1821, 1822, 1823, 1824, 1825, 1826, 1827, 1828, 1829, 1830,
1831, 1832, 1833, 1834, 1835, 1836, 1837, 1838, 1839, 1840,
1841, 1842, 1843, 1844, 1845, 1846, 1847, 1848, 1849, 1850,
1851, 1852, 1853, 1854, 1855, 1856, 1857, 1858, 1859, 1860,
1861, 1862, 1863, 1864, 1865, 1866, 1867, 1868, 1869, 1870,
1871, 1872, 1873, 1874, 1875, 1876, 1877, 1878, 1879, 1880,
1881, 1882, 1883, 1884, 1885, 1886, 1887, 1888, 1889, 1890,
1891, 1892, 1893, 1894, 1895, 1896, 1897, 1898, 1899, 1900,
1901, 1902, 1903, 1904, 1905, 1906, 1907, 1908, 1909, 1910,
1911, 1912, 1913, 1914, 1915, 1916, 1917, 1918, 1919, 1920,
1921, 1922, 1923, 1924, 1925, 1926, 1927, 1928, 1929, 1930,
1931, 1932, 1933, 1934, 1935, 1936, 1937, 1938, 1939, 1940,
1941, 1942, 1943, 1944, 1945, 1946, 1947, 1948, 1949, 1950,
1951, 1952, 6815, 6820, 6821, 6832, 6833, 6834, 6835, 6836,
6837, 6838, 6839, 6840, 6841, 6842, 6843, 6844, 6845, 6846,
6847, 6848, 6849, 6850, 6851, 6852, 6853, 6942, 6953, 7052,
7053, 7054, 7055, 7056, 7057, 7058, 7059, 7060, 7061, 7062,
7063, 7064, 7065, 7066, 7067, 7068, 7069, 7070, 7071, 7072,
7073, 7074, 7075, 7076, 7077, 7078, 7079, 7080, 7081, 7082,
7083, 7084, 7085, 7086, 7087, 7088, 7089, 7090, 7091, 7092,
7093, 7094, 7095, 7242, 7256, 7257, 7258, 7259, 7260, 7261,
7511, 7512, 7513, 7514, 7515, 7516, 7517, 7518, 7519, 7520,
7521, 7522, 7523, 7524, 7525, 7526, 7527, 7528, 7529, 7530,
7531, 7532, 7533, 7534, 7535, 7536, 7537, 7538, 7539, 7540,
7541, 7542, 7543, 7544, 7545, 7546, 7547, 7548, 7549, 7550,
7551, 7552, 7553, 7554, 7555, 7556, 7557, 7558, 7559, 7560,
7561, 7562, 7563, 7564, 7565, 7566, 7567, 7568, 7569, 7570,
7571, 7572, 7573, 7574, 7575, 7576, 7577, 7578, 7579, 7580,
7581, 7582, 7583, 7584, 7585, 7586, 7587, 8952, 8953, 8954,
8955, 8956, 8957, 8958, 8959, 8960, 8961, 8962, 8963, 8964,
8965, 8966, 8967, 8968, 8969, 8970, 8971, 8972, 8973, 8974,
8975, 8976, 8977, 8978, 8979, 8980, 8991, 9002, 9003, 9004,
9005, 9006, 9007, 9008, 9009, 9010, 9011, 9012, 9013, 9014,
9015, 9016, 9017, 9018, 9019, 9020, 9021, 9022, 9023, 9024,
9025, 9026, 9027, 9028, 9029, 9030, 9031, 9032, 9033, 9034,
9035, 9036, 9037, 9038, 9039, 9040, 9041, 9042, 9043, 9044,
9045, 9046, 9047, 9048, 9049, 9050, 9051, 9052, 9053, 9054,
9055, 9056, 9057, 9058, 9059, 9060, 9061, 9062, 9063, 9064,
9065, 9066, 9067, 9068, 9069, 9070, 9071, 9072, 9073, 9074,
9075, 9076, 9077, 9078, 9079, 9080, 9081, 9082, 9083, 9084,
9085, 9086, 9087, 9088, 9089, 9090, 9091, 9092, 9093, 9094,
9095, 9096, 9097, 9098, 9099, 9100, 9101, 9102, 9103, 9104,
9105, 9106, 9107, 9108, 9109, 9110, 9111, 9112, 9113, 9114,
9115, 9116, 9117, 9118, 9119, 9120, 9121, 9122, 9123, 9124,
9125, 9126, 9127, 13422, 13423, 13435, 13436, 13447, 13458, 13459,
13460, 13461, 13462, 13463, 13464, 13465, 13466, 13467, 13468, 13469,
13470, 13471, 13472, 13473, 13474, 13475, 13476, 13477, 13478, 13479,
13480, 13481, 13482, 13483, 13484, 13485, 13486, 13487, 13488, 13489,
13490, 13491, 13492, 13493, 13494, 13495, 13496, 13497, 13498, 13499,
14501, 14502, 14503, 14504, 14505, 14506, 14507, 14508, 14509, 14510,
14511, 14556, 14557, 14558, 14559, 14560, 14561, 14562, 14563, 14564,
14565, 14566, 14567, 14568, 14569, 14570, 14571, 14572, 14573, 14574,
14575, 14576, 14577, 14578, 14579, 14580, 14581, 14582, 14583, 14584,
14585, 14586, 14587, 14588, 14589, 14590, 14591, 14592, 14593, 14594,
14595, 14596, 14597, 14598, 14599, 14600, 14601, 14602, 14603, 14604,
14605, 14606, 14607, 14608, 14609, 14610, 14611, 14612, 14613, 14614,
14615, 14616, 14617, 14618, 14619, 14620, 14621, 14622, 14623, 14624,
14625, 14626, 14627, 14628, 14629, 14630, 14631, 14632, 14633, 14634,
14635, 14636, 14637, 14638, 14639, 14640, 14641, 14642, 14643, 14644,
14645, 14646, 14647, 14648, 14649, 14650, 14651, 14652, 14653, 14654,
14655, 14656, 14657, 14658, 14659, 14660, 14661, 14662, 14663, 14664,
14665, 14666, 14667, 14668, 14669, 14670, 14671, 14672, 14673, 14674,
14675, 14676, 14677, 14678, 14679, 14680, 14681, 14682, 14683, 14684,
14685, 14686, 14687, 14688, 14689, 14690, 14691, 14692, 14693, 14694,
14695, 14696, 14697, 14698, 14699, 14700, 14701, 14702, 14703, 14704,
14705, 14706, 14707, 14708, 14709, 14710, 14711, 14712, 14713, 14714,
14715, 14716, 14717, 14718, 14719, 14720, 14721, 14722, 14723, 14724,
14725, 14726, 14727, 14728, 14729, 14730, 14731, 14732, 14733, 14734,
14735, 14736, 14737, 14738, 14739, 14740, 14741, 14742, 14743, 14744,
14745, 14746, 14747, 14748, 14749, 14750, 14751, 14752, 14753, 14754,
14755, 14756, 14757, 14758, 14759, 14760, 14761, 14762, 14763, 14764,
14765, 14766, 14767, 14768, 14769, 14770, 14771, 14772, 14773, 14774,
14775, 14776, 14777, 14778, 14779, 14780, 14781, 14782, 14783, 14784,
14785, 14786, 14787, 14788, 14789, 14790, 14791, 14792, 14793, 14794,
14795, 14796, 14797, 15899, 15900, 15901, 15902, 15903, 15904, 15905,
15906, 15907, 15908, 15909, 15920, 15921, 15922, 15923, 15924, 15925,
15926, 15927, 15928, 15929, 15930, 15931, 15932, 15933, 15934, 15935,
15936, 15937, 15938, 15939, 15940, 15941, 15942, 15943, 15944, 15945,
15946, 15947, 15948, 15949, 15950, 15951, 15952, 15953, 15954, 15955,
15956, 15957, 15958, 15959, 15960, 15961, 15962, 15963, 15964, 15965,
15966, 15967, 15968, 15969, 15970, 15971, 15972, 15973, 15974, 15975,
15976, 15977, 15978, 15979, 15980, 15981, 15982, 15983, 15984, 15985,
15986, 15987, 15988, 15989, 15990, 15991, 15992, 15993, 15994, 15995,
15996, 15997, 15998, 15999, 16000, 16001, 16002, 16003, 16004, 16005,
16006, 16007, 16008, 16009, 16010, 16011, 16012, 16013, 16014, 16015,
16016, 16017, 16018, 16019, 16020, 16021, 16022, 16023, 16024, 16025,
16026, 16027, 16028, 16029, 17209, 17210, 17211, 17212, 17213, 17214,
17215, 17216, 17217, 17218, 17219, 17264, 17265, 17266, 17267, 17268,
17269, 17270, 17271, 17272, 17273, 17274, 17275, 17276, 17277, 17278,
17279, 17280, 17281, 17282, 17283, 17284, 17285, 17286, 17287, 17288,
17289, 17290, 17291, 17292, 17293, 17294, 17295, 17296, 17297, 17298,
17299, 17300, 17301, 17302, 17303, 17304, 17305, 17306, 17307, 17308,
17309, 17310, 17311, 17312, 17313, 17314, 17315, 17316, 17317, 17318,
17319, 17320, 17321, 17322, 17323, 17324, 17325, 17326, 17327, 17328,
17329, 17330, 17331, 17332, 17333, 17334, 17335, 17336, 17337, 17338,
17339, 17340, 17341, 17342, 17343, 17344, 17345, 17346, 17347, 17348,
17349, 17350, 17351, 17352, 17353, 17354, 17355, 17356, 17357, 17358,
17359, 17360, 17361, 17362, 17363, 17364, 17365, 17366, 17367, 17368,
17369, 17370, 17371, 17372, 17373, 17374, 17375, 17376, 17377, 17378,
17379, 17380, 17381, 17382, 17383, 17384, 17385, 17386, 17387, 17388,
17389, 17390, 17391, 17392, 17393, 17394, 17395, 17396, 17397, 17398,
17399, 17400, 17401, 17402, 17403, 17404, 17405, 17406, 17407, 17408,
17409, 17410, 17411, 17412, 17413, 17414, 17415, 17416, 17417, 17418,
17419, 17420, 17421, 17422, 17423, 17424, 17425, 17426, 17427, 17428,
17429, 17430, 17431, 17432, 17433, 17434, 17435, 17436, 17437, 17438,
17439, 17440, 17441, 17442, 17443, 17444, 17445, 17446, 17447, 17448,
17449, 17450, 17451, 17452, 17453, 17454, 17455, 17456, 17457, 17458,
17459, 17460, 17461, 17462, 17463, 17464, 17465, 17466, 17467, 17468,
17469, 17470, 17471, 17472, 17473, 17474, 17475, 17476, 17477, 17478,
17479, 17480, 17481, 17482, 17483, 17484, 17485, 17486, 17487, 17488,
17489, 17490, 17491, 17492, 17493, 17494, 17495, 17496, 17497, 17498,
17499, 17500, 17501, 17502, 17503, 17504, 17505, 18529, 18530, 18531,
18532, 18533, 18534, 18535, 18536, 18537, 18538, 18539, 18584, 18585,
18586, 18587, 18588, 18589, 18590, 18591, 18592, 18593, 18594, 18595,
18596, 18597, 18598, 18599, 18600, 18601, 18602, 18603, 18604, 18605,
18606, 18607, 18608, 18609, 18610, 18611, 18612, 18613, 18614, 18615,
18616, 18617, 18618, 18619, 18620, 18621, 18622, 18623, 18624, 18625,
18626, 18627, 18628, 18629, 18630, 18631, 18632, 18633, 18634, 18635,
18636, 18637, 18638, 18639, 18640, 18641, 18642, 18643, 18644, 18645,
18646, 18647, 18648, 18649, 18650, 18651, 18652, 18653, 18654, 18655,
18656, 18657, 18658, 18659, 18660, 18661, 18662, 18663, 18664, 18665,
18666, 18667, 18668, 18669, 18670, 18671, 18672, 18673, 18674, 18675,
18676, 18677, 18678, 18679, 18680, 18681, 18682, 18683, 18684, 18685,
18686, 18687, 18688, 18689, 18690, 18691, 18692, 18693, 19644, 19645,
19646, 19647, 19648, 19649, 19650, 20079, 20080, 20081, 20082, 20083,
20084, 20085, 20086, 20087, 20088, 20089, 20090, 20091, 20092, 20093,
20094, 20095, 20096, 20097, 20098, 20099, 20100, 20101, 20102, 20103,
20104, 20105, 20106, 20107, 20108, 20109, 20110, 20111, 20112, 20113,
20114, 20115, 20116, 20117, 20118, 20119, 20120, 20121, 20122, 20123,
20124, 20125, 20126, 20127, 20128, 20129, 20130, 20131, 20132, 20133,
20134, 20135, 20136, 20137, 20138, 20139, 20140, 20141, 20142, 20143,
20144, 20145, 20146, 20147, 20148, 20149, 20150, 20151, 20152, 20153,
20154, 20155, 20156, 20157, 20158, 20159, 20160, 20161, 20162, 20163,
20164, 20165, 20166, 20167, 20168, 20169, 20170, 20171, 20172, 20173,
20174, 20175, 20176, 20177, 20178, 20179, 20180, 20181, 20182, 20183,
20184, 20185, 20186, 20187, 20188, 20189, 20190, 20191, 20192, 20193,
20194, 20195, 20196, 20197, 20198, 20199, 20200, 20201, 20202, 20203,
20204, 20205, 20206, 20207, 20208, 20209, 20210, 20211, 20212, 20213,
20214, 20215, 20216, 20217, 20218, 20219, 20220, 20221, 20222, 20223,
20224, 20225, 20226, 20227, 20228, 20229, 20230, 20231, 20232, 20233,
20234, 20235, 20236, 20237, 20238, 20239, 20240, 20241, 20242, 20243,
20244, 20245, 20246, 20247, 20248, 20249, 20250, 20251, 20252, 20253,
20254, 20255, 20256, 20257, 20258, 20259, 20260, 20261, 20262, 20263,
20264, 20265, 20266, 20267, 20268, 20269, 20270, 20271, 20272, 20273,
20274, 20275, 20276, 20277, 20278, 20279, 20280, 20281, 20282, 20283,
20284, 20285, 20286, 20287, 20288, 20289, 20290, 20291, 20292, 20293,
20294, 20295, 20296, 20297, 20298, 20299, 20300, 20301, 20302, 20303,
20304, 20305, 20306, 20307, 20308, 20309, 20310, 20311, 20312, 20313,
20314, 20315, 20316, 20317, 20318, 20319, 20320, 20321, 20322, 20323,
20324, 20325, 20326, 20327, 20328, 20329, 20330, 20331, 20332, 20333,
20334, 20335, 20336, 20337, 20338, 20339, 20340, 20341, 20342, 20343,
20344, 20345, 20346, 20347, 20348, 20349, 20350, 20351, 20352, 20353,
20354, 20355, 20356, 20357, 20358, 20359, 20360, 20361, 20362, 20363,
20364, 20365, 20366, 20367, 20368, 20369, 20370, 20371, 20372, 20373,
20374, 20375, 20376, 20377, 20378, 20379, 20380, 20381, 20382, 20383,
20384, 20385, 20386, 27465, 27466, 27467, 27468, 27469, 27470, 27471,
27785, 27786, 27787, 27788, 27789, 27790, 27791, 27792, 27793, 27794,
27795, 27796, 27797, 27798, 27799, 27800, 27801, 27802, 27803, 27804,
27805, 27806, 27807, 27808, 27809, 27810, 27811, 27812, 27813, 27814,
27815, 27816, 27817, 27818, 27819, 27820, 27821, 27822, 27823, 27824,
27825, 27826, 27827, 27828, 27829, 27830, 27831, 27832, 27833, 27834,
27835, 27836, 27837, 27838, 27839, 27840, 27841, 27842, 27843, 27844,
27845, 27846, 27847, 27848, 27849, 27850, 27851, 27852, 27853, 27854,
27855, 27856, 27857, 27858, 27859, 27860, 27861, 27862, 27863, 27864,
27865, 27866, 27867, 27868, 27869, 27870, 27871, 27872, 27873, 27874,
27875, 27876, 27877, 27878, 27879, 27880, 27881, 27882, 27883, 27884,
27885, 27886, 27887, 27888, 27889, 27890, 27891, 27892, 27893, 27894,
27895, 27896, 27897, 27898, 27899, 27900, 27901, 27902, 27903, 27904,
27905, 27906, 27907, 27908, 27909, 27910, 27911, 27912, 27913, 27914,
27915, 27916, 27917, 27918, 27919, 27920, 27921, 27922, 27923, 27924,
27925, 27926, 27927, 27928, 27929, 27930, 27931, 31178, 31179, 31180,
31181, 31182, 31183, 31184, 31185, 31186, 31187, 31188, 31189, 31190,
31191, 31192, 31193, 31194, 31195, 31196, 31197, 31198, 31199, 31605,
31606, 31607, 31624, 31625, 31626, 31627, 31628, 31629, 31630, 31631,
31632, 31633, 31634, 31635, 31636, 31637, 31638, 31639, 31640, 31641,
31642, 31643, 31644, 31645, 31646, 31647, 31648, 31649, 31650, 31651,
31652, 31653, 31654, 31655, 31656, 31657, 31658, 31659, 31660, 31661,
31662, 31663, 31664, 31665, 31666, 31667, 31668, 31669, 31670, 31671,
31672, 31673, 31674, 31675, 31676, 31677, 31678, 31679, 31680, 31681,
31682, 31683, 31684, 31685, 31686, 31687, 31688, 31689, 31690, 31691,
31692, 31693, 31694, 31695, 31696, 31697, 31698, 31699, 31700, 31701,
31702, 31703, 31704, 31705, 31706, 31707, 31708, 31709, 31710, 31711,
31712, 31713, 31714, 31715, 31716, 31717, 31718, 31719, 31720, 31721,
31722, 31723, 31724, 31725, 31726, 31727, 31728, 31729, 31730, 31731,
31732, 31733, 32736, 32737, 32738, 32739, 32740, 32741, 32742, 32743,
32744, 32745, 32746, 32747, 32851, 32852, 32853, 32854, 32855, 32856,
32857, 32858, 32859, 32860, 32861, 32862, 32863, 32864, 32865, 32866,
32867, 32868, 32869, 32870, 32871, 32872, 32873, 32874, 32875, 32876,
32877, 32878, 32879, 32880, 32881, 32882, 32883, 32884, 32885, 32886,
32887, 32888, 32889, 32890, 32891, 32892, 32893, 32894, 32895, 32896,
32897, 32898, 32899, 32900, 32901, 32902, 32903, 32904, 32905, 32906,
32907, 32908, 32909, 32910, 32911, 32912, 32913, 32914, 32915, 32916,
32917, 32918, 32919, 32920, 32921, 32922, 32923, 32924, 32925, 32926,
32927, 32928, 32929, 32930, 32931, 32932, 32933, 32934, 32935, 32936,
32937, 32938, 32939, 32940, 32941, 32942, 32943, 32944, 32945, 32946,
32947, 32948, 32949, 32950, 32951, 32952, 32953, 32954, 32955, 32956,
32957, 32958, 32959, 32960, 32961, 32962, 32963, 32964, 32965, 32966,
32967, 32968, 32969, 32970, 32971, 32972, 32973, 32974, 32975, 32976,
32977, 32978, 32979, 32980, 32981, 32982, 32983, 32984, 32985, 32986,
32987, 32988, 32989, 32990, 32991, 32992, 32993, 32994, 32995, 32996,
32997, 32998, 32999, 33000, 33001, 33002, 33003, 33004, 33005, 33006,
33007, 33008, 33009, 33010, 33011, 33012, 33013, 33014, 33015, 33016,
33017, 33018, 33019, 33020, 33021, 33022, 33023, 33024, 33025, 33026,
33027, 33028, 33029, 33030, 33031, 33032, 33033, 33034, 33035, 33036,
33037, 33038, 33039, 33040, 33041, 33042, 33043, 33044, 33045, 33046,
33047, 33048, 33049, 33050, 33051, 33052, 33053, 33054, 33055, 33056,
33057, 33058, 33059, 33060, 33061, 33062, 33063, 33064, 33065, 33066,
33067, 33068, 33069, 33070, 33071, 33072, 33073, 33074, 33075, 33076,
33077, 33078, 33079, 33080, 33081, 33082, 33083, 33084, 33085, 33086,
33087, 33088, 33089, 33090, 33091, 33092, 33093, 33094, 33095, 33096,
33097, 33098, 33099, 33100, 33101, 33102, 33103, 33104, 33105, 33106,
33107, 33108, 33109, 33110, 33111, 33112, 33113, 33114, 33115, 33116,
33117, 33118, 33119, 33120, 33121, 33122, 33123, 33124, 33125, 33126,
33127, 33128, 33129, 33130, 33131, 33132, 33133, 33134, 33135, 33136,
33137, 33138, 33139, 33140, 33141, 33142, 33143, 33144, 33145, 33146,
33147, 33148, 33149, 33150, 33151, 33152, 33153, 33154, 33155, 33156,
33157, 33158, 33159, 33160, 33161, 33162, 33163, 33164, 33165, 33166,
33167, 33168, 33169, 33170, 33171, 33172, 33173, 33174, 33175, 33176,
33177, 33178, 33179, 33180, 33181, 33182, 33183, 33184, 33185, 33186,
33187, 33188, 33189, 33190, 33191, 33192, 33193, 33194, 33195, 33196,
33197, 33198, 33199, 33200, 33201, 33202, 33203, 33204, 33205, 33206,
33207, 33208, 33209, 33210, 33211, 33212, 33213, 33214, 33215, 33216,
33217, 33218, 33219, 33220, 33221, 33222, 33223, 33224, 33225, 33226,
33227, 33228, 33229, 33230, 33231, 33232, 33233, 33234, 33235, 33236,
33237, 33238, 33239, 33240, 33241, 33242, 33243, 33244, 33245, 33246,
33247, 33248, 33249, 33250, 33251, 33252, 33253, 33254, 33255, 33256,
33257, 33258, 33259, 33260, 33261, 33262, 33263, 33264, 33265, 33266,
33267, 33268, 33269, 33270, 33271, 33272, 33273, 33274, 33275, 33276,
33277, 33278, 33279, 33280, 33281, 33282, 33283, 33284, 33285, 33286,
33287, 33288, 33289, 33290, 33291, 33292, 33293, 33294, 33295, 33296,
33297, 33298, 33299, 33300, 33301, 33302, 33303, 33304, 33305, 33306,
33307, 33308, 33309, 33310, 33311, 33312, 33313, 33314, 33315, 33316,
33317, 33318, 33319, 33320, 33321, 33322, 33323, 33324, 33325, 33326,
33327, 33328, 33329, 33330, 33331, 33332, 33333, 33334, 33335, 33336,
33337, 33338, 33339, 33340, 33341, 33342, 33343, 33344, 33345, 33346,
33347, 33348, 33349, 33350, 33351, 33352, 33353, 33354, 33355, 33356,
36855, 36856, 36857, 36858, 36859, 36860, 36861, 36862, 36863, 36864,
36865, 36866, 36878, 36879, 36880, 36881, 36882, 36883, 36884, 36885,
36886, 36887, 36888, 36889, 36890, 36891, 36892, 36893, 36894, 36895,
36896, 36897, 36898, 36899, 36900, 36901, 36902, 36903, 36904, 36905,
36906, 36907, 36908, 36909, 36910, 36911, 36912, 36913, 36914, 36915,
36916, 36917, 36918, 36919, 36920, 36921, 36922, 36923, 36924, 36925,
36926, 36927, 36928, 36929, 36930, 36931, 36932, 36933, 36934, 36935,
36936, 36937, 36938, 36939, 36940, 36941, 36942, 36943, 36944, 36945,
36946, 36947, 36948, 36949, 36950, 36951, 36952, 36953, 36954, 36955,
36956, 36957, 36958, 36959, 36960, 36961, 36962, 36963, 36964, 36965,
36966, 36967, 36968, 36969, 36970, 36971, 36972, 36973, 36974, 36975,
36976, 36977, 36978, 36979, 36980, 36981, 36982, 36983, 36984, 36985,
36986, 36987, 36988, 36989, 36990, 36991, 36992, 36993, 36994, 36995,
36996, 36997, 36998, 36999, 37000, 37001, 37002, 37003, 37004, 37005,
37006, 37007, 37008, 37009, 37010, 37011, 37012, 37013, 37014, 37015,
37016, 37017, 37018, 37019, 37020, 37021, 37022, 37023, 37024, 37025,
37026, 37027, 37028, 37029, 37030, 37031, 37032, 37033, 37034, 37035,
37036, 37037, 37038, 37039, 37040, 37041, 37042, 37043, 37044, 37045,
37046, 37047, 37048, 37049, 37050, 37051, 37052, 37053, 37054, 37055,
37056, 37057, 37058, 37059, 37060, 37061, 37062, 37063, 37064, 37065,
37066, 37067, 37068, 37069, 37070, 37071, 37072, 37073, 37074, 37075,
37076, 37077, 37078, 37079, 37080, 37081, 37082, 37083, 37084, 37085,
37086, 37087, 37088, 37089, 37090, 37091, 37092, 37093, 37094, 37095,
37096, 37097, 37098, 37099, 37100, 37101, 37102, 37103, 37104, 37105,
37106, 37107, 37108, 37109, 37110, 37111, 37112, 37113, 37114, 37115,
37116, 37117, 37118, 39470, 39471, 39472, 39473, 39474, 39475, 39476,
39671, 39672, 39673, 39674, 39675, 39676, 39677, 39678, 39679, 39680,
39681, 39682, 39683, 39684, 39685, 39686, 39687, 39688, 39689, 39690,
39691, 39692, 39715, 39716, 39717, 39718, 39719, 39720, 39721, 39722,
39723, 39724, 39725, 39726, 39727, 39728, 39729, 39730, 39731, 39732,
39733, 39734, 39735, 39736, 39737, 39738, 39739, 39740, 39741, 39742,
39743, 39744, 39745, 39746, 39747, 39748, 39749, 39750, 39751, 39752,
39753, 39754, 39755, 39756, 39757, 39758, 39759, 39760, 39761, 39762,
39763, 39764, 39765, 39766, 39767, 39768, 39769, 39770, 39771, 39772,
39773, 39774, 39775, 39776, 39777, 39778, 39779, 39780, 39781, 39782,
39783, 39784, 39785, 39786, 39787, 39788, 39789, 39790, 39791, 39792,
39793, 39794, 39795, 39796, 39797, 39798, 39799, 39800, 39801, 39802,
39803, 39804, 39805, 39806, 39807, 39808, 39809, 39810, 39811, 39812,
39813, 39814, 39815, 39816, 39817, 39818, 39819, 39820, 39821, 39822,
39823, 39824, 39825, 39826, 39827, 39828, 39829, 39830, 39831, 39832,
39833, 39834, 39835, 39836, 39837, 39838, 39839, 39840, 39841, 39842,
39843, 39844, 39845, 39846, 39847, 39848, 39849, 39850, 39851, 39852,
39853, 39854, 39855, 39856, 39857, 39858, 39859, 39860, 39861, 39862,
39863, 39864, 39865, 39866, 39867, 39868, 39869, 39870, 39871, 39872,
39873, 39874, 39875, 39876, 39877, 39878, 39879, 39880, 39881, 39882,
39883, 39884, 39885, 39886, 39887, 39888, 39889, 39890, 39891, 39892,
39893, 39894, 39895, 39896, 39897, 39898, 39899, 39900, 39901, 39902,
39903, 39904, 39905, 39906, 39907, 39908, 39909, 39910, 39911, 39912,
39913, 39914, 39915, 39916, 39917, 39918, 39919, 39920, 39921, 39922,
39923, 39924, 39925, 39926, 39927, 39928, 39929, 39930, 39931, 39932,
39933, 39934, 39935, 39936, 39937, 39938, 39939, 39940, 39941, 39942,
39943, 39944, 39945, 39946, 39947, 39948, 39949, 39950, 39951, 39952,
39953, 39954, 39955, 39956, 39957, 39958, 39959, 39960, 39961, 39962,
39963, 39964, 39965, 39966, 39967, 39968, 39969, 39970, 39971, 39972,
39973, 39974, 39975, 39976, 39977, 39978, 39979, 39980, 39981, 39982,
39983, 39984, 39985, 39986, 39987, 39988, 39989, 39990, 39991, 39992,
39993, 39994, 39995, 39996, 39997, 39998, 39999, 40000, 46810, 46811,
46812, 46813, 46814, 46815, 46816, 46817, 46818, 46819, 46820, 46821,
46822, 46823, 46824, 46825, 46826, 46827, 46828, 46829, 46830, 46831,
46832, 46833, 46834, 46835, 46836, 46837, 46838, 46839, 46840, 46841,
46842, 46843, 46844, 46845, 46846, 46847, 46848, 46849, 46850, 46851,
46852, 46853, 46854, 46855, 46856, 46857, 46858, 46859, 46860, 46861,
46862, 46863, 46864, 46865, 46866, 46867, 46868, 46869, 46870, 46871,
46872, 46873, 46874, 46875, 46876, 46877, 46878, 46879, 46880, 46881,
46882, 46883, 46884, 46885, 46886, 46887, 46888, 46889, 46890, 46891,
46892, 46893, 46894, 46895, 46896, 46897, 46898, 46899, 46900, 46901,
46902, 46903, 46904, 46905, 46906, 46907, 46908, 46909, 46910, 46911,
46912, 46913, 46914, 46915, 46916, 46917, 46918, 46919, 46920, 46921,
46922, 46923, 46924, 46925, 46926, 46927, 46928, 46929, 46930, 46931,
46932, 46933, 46934, 46935, 46936, 46937, 46938, 46939, 46940, 46941,
46942, 46943, 46944, 46945, 46946, 46947, 46948, 46949, 46950, 46951,
46952, 46953, 46954, 46955, 46956, 46957, 46958, 46959, 46960, 46961,
46962, 46963, 50209, 50210, 50211, 50233, 50234, 50235, 50258, 50259,
50260, 50261, 50262, 50263, 50264, 50265, 50266, 50267, 50268, 50269,
50270, 50271, 50272, 50273, 50274, 50275, 50276, 50277, 50278, 50279,
50280, 50281, 50282, 50283, 50284, 50285, 50286, 50287, 50288, 50289,
50290, 50291, 50292, 50293, 50294, 50295, 50296, 50297, 50298, 50299,
50300, 50301, 50302, 50303, 50304, 50305, 50306, 50307, 50308, 50309,
50310, 50311, 50312, 50313, 50314, 50315, 50316, 50317, 50318, 50319,
50320, 50321, 50322, 50323, 50324, 50325, 50326, 50327, 50328, 50329,
50330, 50331, 50332, 50333, 50334, 50335, 50336, 50337, 50338, 50339,
50340, 50341, 50342, 50343, 50344, 50345, 50346, 50347, 50348, 50349,
50350, 50351, 50352, 50353, 50354, 50355, 50356, 50357, 50358, 50359,
50360, 50361, 50362, 50363, 50364, 51047, 51048, 51049, 51050, 51051,
51052, 51053, 51054, 51055, 51056, 51057, 51058, 51162, 51163, 51164,
51165, 51166, 51167, 51168, 51169, 51170, 51171, 51172, 51173, 51174,
51175, 51176, 51177, 51178, 51179, 51180, 51181, 51182, 51183, 51184,
51185, 51186, 51187, 51188, 51189, 51190, 51191, 51192, 51193, 51194,
51195, 51196, 51197, 51198, 51199, 51200, 51201, 51202, 51203, 51204,
51205, 51206, 51207, 51208, 51209, 51210, 51211, 51212, 51213, 51214,
51215, 51216, 51217, 51218, 51219, 51220, 51221, 51222, 51223, 51224,
51225, 51226, 51227, 51228, 51229, 51230, 51231, 51232, 51233, 51234,
51235, 51236, 51237, 51238, 51239, 51240, 51241, 51242, 51243, 51244,
51245, 51246, 51247, 51248, 51249, 51250, 51251, 51252, 51253, 51254,
51255, 51256, 51257, 51258, 51259, 51260, 51261, 51262, 51263, 51264,
51265, 51266, 51267, 51268, 51269, 51270, 51271, 51272, 51273, 51274,
51275, 51276, 51277, 51278, 51279, 51280, 51281, 51282, 51283, 51284,
51285, 51286, 51287, 51288, 51289, 51290, 51291, 51292, 51293, 51294,
51295, 51296, 51297, 51298, 51299, 51300, 51301, 51302, 51303, 51304,
51305, 51306, 51307, 51308, 51309, 51310, 51311, 51312, 51313, 51314,
51315, 51316, 51317, 51318, 51319, 51320, 51321, 51322, 51323, 51324,
51325, 51326, 51327, 51328, 51329, 51330, 51331, 51332, 51333, 51334,
51335, 51336, 51337, 51338, 51339, 51340, 51341, 51342, 51343, 51344,
51345, 51346, 51347, 51348, 51349, 51350, 51351, 51352, 51353, 51354,
51355, 51356, 51357, 51358, 51359, 51360, 51361, 51362, 51363, 51364,
51365, 51366, 51367, 51368, 51369, 51370, 51371, 51372, 51373, 51374,
51375, 51376, 51377, 51378, 51379, 51380, 51381, 51382, 51383, 51384,
51385, 51386, 51387, 51388, 51389, 51390, 51391, 51392, 51393, 51394,
51395, 51396, 51397, 51398, 51399, 51400, 51401, 51402, 51403, 51404,
51405, 51406, 51407, 51408, 51409, 51410, 51411, 51412, 51413, 51414,
51415, 51416, 51417, 51418, 51419, 51420, 51421, 51422, 51423, 51424,
51425, 51426, 51427, 51428, 51429, 51430, 51431, 51432, 51433, 51434,
51435, 51436, 51437, 51438, 51439, 51440, 51441, 51442, 51443, 51444,
51445, 51446, 51447, 51448, 51449, 51450, 51451, 51452, 51453, 51454,
51455, 51456, 51457, 51458, 51459, 51460, 51461, 51462, 51463, 51464,
51465, 51466, 51467, 51468, 51469, 51470, 51471, 51472, 51473, 51474,
51475, 51476, 51477, 51478, 51479, 51480, 51481, 51482, 51483, 51484,
51485, 51486, 51487, 51488, 51489, 51490, 51491, 51492, 51493, 51494,
51495, 51496, 51497, 51498, 51499, 51500, 51501, 51502, 51503, 51504,
51505, 51506, 51507, 51508, 51509, 51510, 51511, 51512, 51513, 51514,
51515, 51516, 51517, 51518, 51519, 51520, 51521, 51522, 51523, 51524,
51525, 51526, 51527, 51528, 51529, 51530, 51531, 51532, 51533, 51534,
51535, 51536, 51537, 51538, 51539, 51540, 51541, 51542, 51543, 51544,
51545, 51546, 51547, 51548, 51549, 51550, 51551, 51552, 51553, 51554,
51555, 51556, 51557, 51558, 51559, 51560, 51561, 51562, 51563, 51564,
51565, 51566, 51567, 51568, 51569, 51570, 51571, 51572, 51573, 51574,
51575, 51576, 51577, 51578, 51579, 51580, 51581, 51582, 51583, 51584,
51585, 51586, 51587, 51588, 51589, 51590, 51591, 51592, 51593, 51594,
51595, 51596, 51597, 51598, 51599, 51600, 51601, 51602, 51603, 51604,
51605, 51606, 51607, 51608, 51609, 51610, 51611, 51612, 51613, 51614,
51615, 51616, 51617, 51618, 51619, 51620, 51621, 51622, 51623, 51624,
51625, 51626, 51627, 51628, 51629, 51630, 51631, 51632, 51633, 51634,
51635, 51636, 51637, 51638, 51639, 51640, 51641, 51642, 51643, 51644,
51645, 51646, 51647, 51648, 51649, 51650, 51651, 51652, 51653, 51654,
51655, 51656, 51657, 51658, 51659, 51660, 51661, 51662, 51663, 51664,
51665, 51666, 51667, 55012, 55013, 55014, 55015, 55016, 55017, 55018,
55019, 55020, 55021, 55022, 55023, 55127, 55128, 55129, 55130, 55131,
55132, 55133, 55134, 55135, 55136, 55137, 55138, 55139, 55140, 55141,
55142, 55143, 55144, 55145, 55146, 55147, 55148, 55149, 55150, 55151,
55152, 55153, 55154, 55155, 55156, 55157, 55158, 55159, 55160, 55161,
55162, 55163, 55164, 55165, 55166, 55167, 55168, 55169, 55170, 55171,
55172, 55173, 55174, 55175, 55176, 55177, 55178, 55179, 55180, 55181,
55182, 55183, 55184, 55185, 55186, 55187, 55188, 55189, 55190, 55191,
55192, 55193, 55194, 55195, 55196, 55197, 55198, 55199, 55200, 55201,
55202, 55203, 55204, 55205, 55206, 55207, 55208, 55209, 55210, 55211,
55212, 55213, 55214, 55215, 55216, 55217, 55218, 55219, 55220, 55221,
55222, 55223, 55224, 55225, 55226, 55227, 55228, 55229, 55230, 55231,
55232, 55233, 55234, 55235, 55236, 55237, 55238, 55239, 55240, 55241,
55242, 55243, 55244, 55245, 55246, 55247, 55248, 55249, 55250, 55251,
55252, 55253, 55254, 55255, 55256, 55257, 55258, 55259, 55260, 55261,
55262, 55263, 55264, 55265, 55266, 55267, 55268, 55269, 55270, 55271,
55272, 55273, 55274, 55275, 55276, 55277, 55278, 55279, 55280, 55281,
55282, 55283, 55284, 55285, 55286, 55287, 55288, 55289, 55290, 55291,
55292, 55293, 55294, 55295, 55296, 55297, 55298, 55299, 55300, 55301,
55302, 55303, 55304, 55305, 55306, 55307, 55308, 55309, 55310, 55311,
55312, 55313, 55314, 55315, 55316, 55317, 55318, 55319, 55320, 55321,
55322, 55323, 55324, 55325, 55326, 55327, 55328, 55329, 55330, 55331,
55332, 55333, 55334, 55335, 55336, 55337, 55338, 55339, 55340, 55341,
55342, 55343, 55344, 55345, 55346, 55347, 55348, 55349, 55350, 55351,
55352, 55353, 55354, 55355, 55356, 55357, 55358, 55359, 55360, 55361,
55362, 55363, 55364, 55365, 55366, 55367,
*NSET, NSET=z_symm_steel_free
104286, 104291, 104292, 104293, 104294, 104327, 104328, 104329, 104330, 104331,
104332, 104333, 104334, 104335, 104336, 104337, 104338, 104339, 104340, 104397,
104398, 104399, 104400, 104401, 104402, 104403, 104404, 104405, 104406, 104407,
104408, 104409, 104410, 104411, 104412, 104413, 104414, 104415, 104416, 104417,
104418, 104419, 104420, 104421, 104422, 104423, 104424, 104425, 104426, 104427,
104428, 104429, 104430, 104431, 104432, 104433, 104434, 104435, 104436, 104437,
104438, 104439, 104440, 104441, 104442, 104443, 104444, 104445, 104446, 104447,
104448, 104449, 104450, 104451, 104452, 104708, 104712, 104713, 104720, 104721,
104722, 104723, 104724, 104727, 104728, 104729, 104730, 104731, 104732, 104733,
104734, 104805, 104809, 104810, 104811, 104812, 104813, 104814, 104815, 104816,
104817, 104818, 104819, 104820, 104821, 104822, 104823, 104869, 104870, 104871,
104872, 104873, 104881, 104889, 104890, 104891, 104892, 104893, 104894, 104895,
104896, 104897, 104898, 104899, 104900, 104901, 104902, 104903, 104904, 104905,
104906, 104907, 104908, 104909, 104910, 104911, 104912, 104913, 104914, 104915,
104916, 104917, 104918, 104919, 104920, 104921, 104922, 104923, 104924, 104925,
104926, 104927, 104928, 104929, 104930, 104931, 104932, 104933, 104934, 104935,
104936, 104937, 104938, 104939, 104940, 104941, 104942, 104943, 104944, 104945,
104946, 104947, 104948, 105257, 105261, 105262, 105263, 105264, 105265, 105266,
105267, 105268, 105269, 105270, 105271, 105272, 105273, 105274, 105275, 105276,
105277, 105278, 105279, 105338, 105339, 105340, 105341, 105361, 105362, 105363,
105364, 105365, 105366, 105367, 105368, 105369, 105370, 105371, 105372, 105373,
105374, 105375, 105376, 105377, 105378, 105379, 105380, 105381, 105382, 105383,
105384, 105385, 105386, 105387, 105388, 105389, 105390, 105391, 105392, 105393,
105394, 105395, 105396, 105397, 105398, 105399, 105400, 105401, 105402, 105403,
105404, 105405, 105406, 105407, 105408, 105409, 105410, 105411, 105412, 105413,
105414, 105415, 105416, 105417, 105418, 105419, 105420, 105421, 105422, 105423,
105424, 105425, 105426, 105427, 105428, 105429, 105430, 105431, 105432, 105433,
105434, 105435, 105436, 105803, 105811, 105812, 105813, 105814, 105815, 105916,
105918, 105948, 105949, 105950, 105951, 105952, 105953, 105954, 105955, 105956,
105957, 105958, 105959, 105960, 105961, 105962, 105963, 105964, 105965, 105966,
105967, 106284, 106300, 106301, 106302, 106303, 106304, 106305, 106306, 106307,
106308, 106309, 106521, 106532, 106533, 106534, 106535, 106536, 106537, 106639,
106688, 106689, 106690, 106691, 106692, 106693, 106694, 106695, 106696, 106697,
106698, 106699, 106700, 106701, 111247, 111248, 111249, 111250, 111361, 111362,
111363, 111364, 111365, 111366, 111367, 111368, 111369, 111370, 111371, 111372,
111373, 111374, 111375, 111376, 111377, 111378, 111379, 111380, 111381, 111382,
111383, 111384, 111385, 111386, 111387, 111388, 111389, 111390, 111391, 111392,
111393, 111394, 111395, 111396, 111397, 111398, 111399, 111400, 111401, 111402,
111403, 111404, 111405, 111406, 111407, 111408, 111409, 111410, 111411, 111412,
111413, 111414, 111415, 111416, 111606, 111607, 111608, 111609, 111610, 111611,
111612, 111613, 111614, 111615, 111616, 111617, 111668, 111766, 111767, 111768,
111769, 111770, 111771, 111772, 111773, 111774, 111775, 111776, 111777, 111778,
111779, 111780, 111781, 111782, 111783, 111784, 111785, 111786, 111787, 111788,
111789, 111790, 111791, 111792, 111793, 111794, 111795, 111796, 111797, 111798,
111799, 111800, 111801, 111802, 111803, 111804, 111805, 111806, 111807, 111808,
111809, 111810, 111811, 111812, 111813, 111814, 111815, 111816, 111817, 111818,
111819, 111820, 111821, 111822, 111823, 111824, 111825, 111826, 111827, 111828,
111829, 112022, 112162, 112163, 112164, 112165, 112166, 112167, 112168, 112169,
112170, 112171, 112172, 112173, 112174, 112175, 112176, 112177, 112178, 112179,
112180, 112181, 112182, 112183, 112184, 112185, 112186, 112187, 112188, 112189,
112190, 112191, 112192, 112193, 112194, 112195, 112196, 112197, 112198, 112199,
112200, 112201, 112202, 112203, 112204, 112205, 112206, 112207, 112208, 112209,
112210, 112211, 112212, 112213, 112214, 112215, 112216, 112217, 112218, 112219,
112220, 112221, 112222, 112223, 112224, 112225, 112226, 112227, 112228, 112229,
112230, 112231, 112232, 112233, 112234, 112235, 112236, 112237, 112238, 112239,
112240, 112241, 112492, 112503, 112504, 112505, 112506, 112613, 112615, 112616,
112617, 112618, 112619, 112620, 112621, 112622, 112623, 112624, 112625, 112626,
112627, 112628, 112629, 112630, 112631, 112632, 112633, 112634, 112949, 112950,
112951, 112952, 112953, 112954, 112955, 112956, 112957, 112958, 113148, 113155,
113156, 113157, 113158, 113159, 113160, 113246, 113247, 113248, 113249, 113250,
113251, 113252, 113253, 113254, 113255, 113256, 113257, 113258, 113259, 113822,
116567, 116568, 116569, 116591, 116592, 116593, 116594, 116595, 116596, 116651,
116652, 116653, 116657, 116658, 116659, 116660, 116661, 116662, 116978, 116985,
117001, 119143, 119158, 119159, 119174, 119175, 119176, 119177, 119238, 119239,
119254, 119255, 119256, 119257, 119258, 119259,
